1.279405560725164759e-01
1.210714596507928148e-01
2.986871624412031356e-01
9.174267983221957856e-02
7.320067813090462561e-02
0.000000000000000000e+00
0.000000000000000000e+00
4.293223457777126661e-01
1.614038549683889934e-01
2.108048546919074895e-01
0.000000000000000000e+00
0.000000000000000000e+00
1.664370217556643827e-01
3.864645906448985202e-01
3.843192387769790441e-01
6.237641993298054938e-02
9.335805910520265927e-03
2.690378206808095515e-02
2.692844055056750271e-02
0.000000000000000000e+00
0.000000000000000000e+00
0.000000000000000000e+00
1.126692698284463834e-01
8.288911549378988330e-02
0.000000000000000000e+00
7.393501269891188110e-02
0.000000000000000000e+00
1.919650107973066774e-02
2.687834739812380511e-02
5.845550016002313276e-01
9.491813592122989585e-01
3.643119296877709440e-02
9.243982020542431677e-01
1.564352228008066559e-01
6.317900902937347851e-01
6.224097750376379468e-01
3.016606786325775058e-01
1.228431249054148244e-01
3.770702839785152749e-01
5.019613192756526843e-01
3.819696265603560459e-01
1.496265494633138293e-01
3.680833017948980102e-01
1.174680279852037823e-01
1.787420306781816251e-02
0.000000000000000000e+00
2.688509981971299798e-02
8.091208264209320822e-02
0.000000000000000000e+00
0.000000000000000000e+00
2.610578759763193535e-01
2.053476816615372458e-01
2.697579247089261223e-01
3.653781093454771395e-02
3.289792178575924875e-01
1.198495398000978956e-01
0.000000000000000000e+00
0.000000000000000000e+00
2.849064933957680679e-01
4.108580925292547592e-01
8.171322299901057074e-01
7.336275462791504998e-01
1.778128065489293155e-02
8.368488597815777474e-01
5.884355704901066408e-01
0.000000000000000000e+00
1.803783203019729969e-02
4.632554697953008560e-01
6.399321333034968529e-01
1.297789823766234973e-01
1.106321352453785573e-01
7.594672150772814323e-01
0.000000000000000000e+00
0.000000000000000000e+00
0.000000000000000000e+00
0.000000000000000000e+00
0.000000000000000000e+00
1.859374056123181546e-02
0.000000000000000000e+00
0.000000000000000000e+00
0.000000000000000000e+00
0.000000000000000000e+00
0.000000000000000000e+00
4.452953177927470446e-02
0.000000000000000000e+00
1.204862699004699833e-01
6.527261422095748111e-02
4.562088235564614597e-02
0.000000000000000000e+00
0.000000000000000000e+00
0.000000000000000000e+00
0.000000000000000000e+00
0.000000000000000000e+00
4.668632200663315468e-02
0.000000000000000000e+00
1.817263225250436570e-02
4.491918151301271811e-02
1.755772925522167127e-02
3.379524872622163834e-01
2.249237600956074390e-01
2.682063204386463395e-01
2.623062904722934241e-01
6.293351705223808323e-02
1.584760764544217160e-01
2.374926074129029008e-01
2.016211932080222702e-01
3.635334587678148988e-02
1.605318079286562893e-01
1.426439267430408275e-01
0.000000000000000000e+00
0.000000000000000000e+00
5.433378698833491588e-02
2.467024498229885288e-01
1.699785293782870021e-01
4.523343581442280936e-02
0.000000000000000000e+00
0.000000000000000000e+00
0.000000000000000000e+00
2.973406416404817398e-01
2.699816027071929095e-02
1.082524778609997018e-01
0.000000000000000000e+00
0.000000000000000000e+00
1.003342003130181931e-01
6.621370591251171667e-02
0.000000000000000000e+00
0.000000000000000000e+00
0.000000000000000000e+00
0.000000000000000000e+00
8.769554405625821711e-03
0.000000000000000000e+00
8.940762748367322640e-03
0.000000000000000000e+00
0.000000000000000000e+00
0.000000000000000000e+00
0.000000000000000000e+00
0.000000000000000000e+00
0.000000000000000000e+00
9.156310405321723203e-03
3.694888786021179039e-02
1.784854392857709512e-02
1.958207522653065621e-02
0.000000000000000000e+00
0.000000000000000000e+00
0.000000000000000000e+00
0.000000000000000000e+00
1.421116136221233506e-01
4.555335767567231242e-02
0.000000000000000000e+00
8.831090907202538559e-03
1.647550208150145301e-01
2.242364125409194442e-01
1.581721611250357373e-01
0.000000000000000000e+00
0.000000000000000000e+00
6.517878151729929181e-02
0.000000000000000000e+00
8.979274389467667081e-03
4.672538724367618357e-02
3.718301159582676485e-02
1.306058914919311920e-01
8.263329728995057188e-02
0.000000000000000000e+00
0.000000000000000000e+00
5.518296409387549173e-02
0.000000000000000000e+00
1.661124212719693183e-01
2.197748222732656964e-01
1.838943335260880690e-02
0.000000000000000000e+00
0.000000000000000000e+00
0.000000000000000000e+00
0.000000000000000000e+00
3.568395211441149906e-02
1.108039211295191728e-01
0.000000000000000000e+00
0.000000000000000000e+00
8.910148763486494192e-03
4.073280298320841042e-01
4.228227841685641142e-01
1.013559416430114685e-01
1.042261275829929196e-01
3.159804608581528451e-01
1.011466182988562945e-01
6.285693558858723717e-02
9.130721049701053665e-03
1.785385812423395321e-02
4.836805157969504276e-01
1.998071487573895855e-01
2.540597585067577713e-01
0.000000000000000000e+00
4.534965273464595242e-02
1.273081949049294503e-01
1.994412563498772217e-01
3.123873757534212370e-01
1.762126435282230716e-02
8.957607013487120518e-03
3.655439568916959980e-02
9.285595796345819802e-03
0.000000000000000000e+00
2.716210232670986449e-02
0.000000000000000000e+00
6.610797346926353124e-02
2.049788252125895605e-01
2.199911040871722900e-01
3.565023512721224308e-02
0.000000000000000000e+00
2.809795211237912232e-02
0.000000000000000000e+00
6.963541230412085836e-01
4.708134909125053502e-01
8.802477385546425906e-03
8.594886570733912823e-01
5.499453817564343289e-02
6.537179388657505807e-01
6.425306685165745879e-01
3.810143342911406217e-01
2.301136646710788547e-01
5.033439207517156344e-01
5.989930665267354515e-01
4.393210062332517651e-01
1.398849243042344648e-01
6.046106229216672290e-01
2.453818259140201907e-01
9.992408013846373893e-02
0.000000000000000000e+00
0.000000000000000000e+00
4.436043042583827367e-02
4.466929967855286232e-02
0.000000000000000000e+00
3.288912175474205668e-01
1.836440372735449467e-01
2.692244482576194309e-01
2.707220280765761447e-02
3.869594927719104960e-01
2.410866353930717632e-01
1.002463945904888687e-01
0.000000000000000000e+00
3.028317504300776508e-01
4.969658324378248282e-01
9.617185728933691502e-01
4.191877432754392840e-01
8.958548202223279994e-03
6.130543199245040986e-01
6.252834608935234906e-01
0.000000000000000000e+00
0.000000000000000000e+00
6.278487929256433286e-01
1.000000000000000000e+00
5.385876163989635618e-02
0.000000000000000000e+00
8.617413707161285519e-01
0.000000000000000000e+00
8.944629468067987962e-03
0.000000000000000000e+00
9.063345471309880441e-03
0.000000000000000000e+00
1.704032461685554001e-01
0.000000000000000000e+00
0.000000000000000000e+00
0.000000000000000000e+00
4.634305372442901194e-02
0.000000000000000000e+00
1.096395065071655156e-01
0.000000000000000000e+00
1.776400004168478819e-01
3.592615850249583631e-02
2.079651710904971695e-01
0.000000000000000000e+00
0.000000000000000000e+00
0.000000000000000000e+00
0.000000000000000000e+00
0.000000000000000000e+00
2.819793646931979814e-02
0.000000000000000000e+00
4.473722305153658013e-02
0.000000000000000000e+00
1.762519128077863831e-02
4.413674699862643047e-01
3.283047084884274658e-01
2.953338748334512487e-01
1.962083775554990805e-01
7.332374330017710218e-02
2.437590076688516960e-01
3.149001872733427909e-01
2.589401095302603650e-01
8.824505931189318211e-03
2.179252516429302511e-01
2.593466877651350311e-01
0.000000000000000000e+00
1.866685299735471384e-02
0.000000000000000000e+00
4.442417457792256497e-01
1.350944603867144655e-01
1.721056827001220535e-01
0.000000000000000000e+00
0.000000000000000000e+00
0.000000000000000000e+00
8.076329199651434421e-02
0.000000000000000000e+00
1.106619723560334639e-01
0.000000000000000000e+00
0.000000000000000000e+00
3.681942965453015304e-02
3.698299614443700117e-02
0.000000000000000000e+00
0.000000000000000000e+00
0.000000000000000000e+00
1.777418744495152386e-02
0.000000000000000000e+00
0.000000000000000000e+00
5.394945979009331538e-02
0.000000000000000000e+00
0.000000000000000000e+00
0.000000000000000000e+00
0.000000000000000000e+00
0.000000000000000000e+00
0.000000000000000000e+00
8.737014674911733683e-03
4.672399137152821041e-02
2.752152388992541721e-02
8.290384838428971337e-02
0.000000000000000000e+00
0.000000000000000000e+00
0.000000000000000000e+00
0.000000000000000000e+00
2.114859946553390990e-01
1.690114134413106539e-01
0.000000000000000000e+00
9.990399121832850560e-02
1.445692321746346320e-01
1.942069608917748880e-01
1.386885359186613431e-01
0.000000000000000000e+00
0.000000000000000000e+00
7.490463184294676724e-02
0.000000000000000000e+00
9.136998929210323611e-03
4.653310870166543073e-02
5.505360838960614983e-02
1.359586113912280847e-01
5.530105746850003806e-02
0.000000000000000000e+00
0.000000000000000000e+00
1.579193059529287457e-01
0.000000000000000000e+00
2.383018539973582040e-01
3.200316207419015013e-01
1.835638295190102076e-02
8.771136178978318834e-03
0.000000000000000000e+00
0.000000000000000000e+00
8.735554837005077636e-03
3.573693780533784836e-02
7.338493413036376034e-02
2.723918914343831377e-02
0.000000000000000000e+00
0.000000000000000000e+00
3.990811760213797132e-01
5.680574738382073718e-01
0.000000000000000000e+00
0.000000000000000000e+00
0.000000000000000000e+00
0.000000000000000000e+00
0.000000000000000000e+00
0.000000000000000000e+00
0.000000000000000000e+00
0.000000000000000000e+00
0.000000000000000000e+00
3.060496470830941784e-01
0.000000000000000000e+00
0.000000000000000000e+00
0.000000000000000000e+00
0.000000000000000000e+00
0.000000000000000000e+00
0.000000000000000000e+00
0.000000000000000000e+00
0.000000000000000000e+00
0.000000000000000000e+00
0.000000000000000000e+00
0.000000000000000000e+00
0.000000000000000000e+00
0.000000000000000000e+00
0.000000000000000000e+00
0.000000000000000000e+00
0.000000000000000000e+00
0.000000000000000000e+00
0.000000000000000000e+00
0.000000000000000000e+00
0.000000000000000000e+00
0.000000000000000000e+00
0.000000000000000000e+00
0.000000000000000000e+00
0.000000000000000000e+00
0.000000000000000000e+00
0.000000000000000000e+00
0.000000000000000000e+00
0.000000000000000000e+00
0.000000000000000000e+00
0.000000000000000000e+00
0.000000000000000000e+00
6.425471370373365965e-02
6.329715063217174198e-02
0.000000000000000000e+00
0.000000000000000000e+00
0.000000000000000000e+00
0.000000000000000000e+00
0.000000000000000000e+00
0.000000000000000000e+00
0.000000000000000000e+00
0.000000000000000000e+00
0.000000000000000000e+00
0.000000000000000000e+00
0.000000000000000000e+00
0.000000000000000000e+00
0.000000000000000000e+00
0.000000000000000000e+00
0.000000000000000000e+00
2.179790278091176536e-01
0.000000000000000000e+00
0.000000000000000000e+00
0.000000000000000000e+00
3.493728253152284524e-01
0.000000000000000000e+00
0.000000000000000000e+00
0.000000000000000000e+00
0.000000000000000000e+00
0.000000000000000000e+00
0.000000000000000000e+00
0.000000000000000000e+00
0.000000000000000000e+00
0.000000000000000000e+00
0.000000000000000000e+00
0.000000000000000000e+00
0.000000000000000000e+00
0.000000000000000000e+00
0.000000000000000000e+00
0.000000000000000000e+00
0.000000000000000000e+00
0.000000000000000000e+00
0.000000000000000000e+00
0.000000000000000000e+00
0.000000000000000000e+00
0.000000000000000000e+00
0.000000000000000000e+00
0.000000000000000000e+00
0.000000000000000000e+00
0.000000000000000000e+00
0.000000000000000000e+00
0.000000000000000000e+00
0.000000000000000000e+00
0.000000000000000000e+00
0.000000000000000000e+00
0.000000000000000000e+00
0.000000000000000000e+00
0.000000000000000000e+00
0.000000000000000000e+00
0.000000000000000000e+00
0.000000000000000000e+00
0.000000000000000000e+00
0.000000000000000000e+00
0.000000000000000000e+00
0.000000000000000000e+00
0.000000000000000000e+00
0.000000000000000000e+00
0.000000000000000000e+00
0.000000000000000000e+00
0.000000000000000000e+00
0.000000000000000000e+00
0.000000000000000000e+00
4.550588639130542790e-02
0.000000000000000000e+00
0.000000000000000000e+00
0.000000000000000000e+00
0.000000000000000000e+00
0.000000000000000000e+00
0.000000000000000000e+00
0.000000000000000000e+00
6.330518771232399033e-02
1.789325032883526748e-02
0.000000000000000000e+00
0.000000000000000000e+00
0.000000000000000000e+00
0.000000000000000000e+00
0.000000000000000000e+00
0.000000000000000000e+00
0.000000000000000000e+00
0.000000000000000000e+00
0.000000000000000000e+00
0.000000000000000000e+00
0.000000000000000000e+00
0.000000000000000000e+00
6.570684620013628185e-02
0.000000000000000000e+00
0.000000000000000000e+00
0.000000000000000000e+00
0.000000000000000000e+00
0.000000000000000000e+00
0.000000000000000000e+00
0.000000000000000000e+00
0.000000000000000000e+00
0.000000000000000000e+00
0.000000000000000000e+00
0.000000000000000000e+00
0.000000000000000000e+00
0.000000000000000000e+00
0.000000000000000000e+00
0.000000000000000000e+00
0.000000000000000000e+00
0.000000000000000000e+00
0.000000000000000000e+00
0.000000000000000000e+00
0.000000000000000000e+00
0.000000000000000000e+00
0.000000000000000000e+00
1.856932690427042995e-02
0.000000000000000000e+00
5.667113745398882213e-02
0.000000000000000000e+00
0.000000000000000000e+00
0.000000000000000000e+00
0.000000000000000000e+00
0.000000000000000000e+00
0.000000000000000000e+00
0.000000000000000000e+00
0.000000000000000000e+00
0.000000000000000000e+00
1.881219237267890351e-02
0.000000000000000000e+00
0.000000000000000000e+00
7.161854548419531452e-02
0.000000000000000000e+00
0.000000000000000000e+00
0.000000000000000000e+00
0.000000000000000000e+00
0.000000000000000000e+00
0.000000000000000000e+00
0.000000000000000000e+00
0.000000000000000000e+00
0.000000000000000000e+00
0.000000000000000000e+00
0.000000000000000000e+00
0.000000000000000000e+00
0.000000000000000000e+00
0.000000000000000000e+00
0.000000000000000000e+00
0.000000000000000000e+00
0.000000000000000000e+00
0.000000000000000000e+00
0.000000000000000000e+00
0.000000000000000000e+00
0.000000000000000000e+00
0.000000000000000000e+00
0.000000000000000000e+00
0.000000000000000000e+00
0.000000000000000000e+00
0.000000000000000000e+00
3.682752850067602668e-02
0.000000000000000000e+00
0.000000000000000000e+00
0.000000000000000000e+00
0.000000000000000000e+00
0.000000000000000000e+00
0.000000000000000000e+00
0.000000000000000000e+00
0.000000000000000000e+00
0.000000000000000000e+00
0.000000000000000000e+00
0.000000000000000000e+00
8.958548202223279994e-03
0.000000000000000000e+00
0.000000000000000000e+00
0.000000000000000000e+00
0.000000000000000000e+00
0.000000000000000000e+00
0.000000000000000000e+00
0.000000000000000000e+00
0.000000000000000000e+00
0.000000000000000000e+00
0.000000000000000000e+00
0.000000000000000000e+00
0.000000000000000000e+00
0.000000000000000000e+00
8.922783658792118183e-03
0.000000000000000000e+00
0.000000000000000000e+00
0.000000000000000000e+00
0.000000000000000000e+00
0.000000000000000000e+00
0.000000000000000000e+00
0.000000000000000000e+00
0.000000000000000000e+00
0.000000000000000000e+00
0.000000000000000000e+00
0.000000000000000000e+00
0.000000000000000000e+00
0.000000000000000000e+00
0.000000000000000000e+00
0.000000000000000000e+00
0.000000000000000000e+00
0.000000000000000000e+00
0.000000000000000000e+00
0.000000000000000000e+00
2.702308081114101687e-02
3.872873175003634788e-02
0.000000000000000000e+00
0.000000000000000000e+00
0.000000000000000000e+00
0.000000000000000000e+00
0.000000000000000000e+00
0.000000000000000000e+00
0.000000000000000000e+00
0.000000000000000000e+00
0.000000000000000000e+00
0.000000000000000000e+00
0.000000000000000000e+00
0.000000000000000000e+00
0.000000000000000000e+00
0.000000000000000000e+00
0.000000000000000000e+00
0.000000000000000000e+00
0.000000000000000000e+00
0.000000000000000000e+00
0.000000000000000000e+00
0.000000000000000000e+00
0.000000000000000000e+00
0.000000000000000000e+00
0.000000000000000000e+00
0.000000000000000000e+00
0.000000000000000000e+00
0.000000000000000000e+00
0.000000000000000000e+00
0.000000000000000000e+00
0.000000000000000000e+00
0.000000000000000000e+00
0.000000000000000000e+00
0.000000000000000000e+00
0.000000000000000000e+00
0.000000000000000000e+00
1.802290430738525198e-02
0.000000000000000000e+00
0.000000000000000000e+00
0.000000000000000000e+00
0.000000000000000000e+00
0.000000000000000000e+00
0.000000000000000000e+00
0.000000000000000000e+00
0.000000000000000000e+00
0.000000000000000000e+00
8.980402957223463864e-03
0.000000000000000000e+00
0.000000000000000000e+00
0.000000000000000000e+00
0.000000000000000000e+00
0.000000000000000000e+00
0.000000000000000000e+00
0.000000000000000000e+00
0.000000000000000000e+00
9.030239000653166037e-02
0.000000000000000000e+00
8.865622095417231494e-03
0.000000000000000000e+00
0.000000000000000000e+00
0.000000000000000000e+00
0.000000000000000000e+00
0.000000000000000000e+00
0.000000000000000000e+00
0.000000000000000000e+00
0.000000000000000000e+00
0.000000000000000000e+00
0.000000000000000000e+00
0.000000000000000000e+00
0.000000000000000000e+00
0.000000000000000000e+00
0.000000000000000000e+00
0.000000000000000000e+00
2.663575654811575419e-02
0.000000000000000000e+00
0.000000000000000000e+00
0.000000000000000000e+00
0.000000000000000000e+00
0.000000000000000000e+00
0.000000000000000000e+00
0.000000000000000000e+00
0.000000000000000000e+00
0.000000000000000000e+00
0.000000000000000000e+00
0.000000000000000000e+00
0.000000000000000000e+00
0.000000000000000000e+00
0.000000000000000000e+00
0.000000000000000000e+00
0.000000000000000000e+00
0.000000000000000000e+00
0.000000000000000000e+00
0.000000000000000000e+00
0.000000000000000000e+00
0.000000000000000000e+00
0.000000000000000000e+00
0.000000000000000000e+00
0.000000000000000000e+00
0.000000000000000000e+00
0.000000000000000000e+00
0.000000000000000000e+00
0.000000000000000000e+00
0.000000000000000000e+00
0.000000000000000000e+00
0.000000000000000000e+00
0.000000000000000000e+00
0.000000000000000000e+00
0.000000000000000000e+00
0.000000000000000000e+00
0.000000000000000000e+00
0.000000000000000000e+00
0.000000000000000000e+00
0.000000000000000000e+00
0.000000000000000000e+00
0.000000000000000000e+00
