9.321322852601589271e-02
6.231684868158726687e-02
1.897429665511216057e-01
7.899164953266063494e-02
5.205325396604134486e-02
9.307557720702437642e-02
6.716580768209745589e-02
3.294286055262292123e-01
1.729157921214132532e-01
1.541203385767080658e-01
6.411580024901952779e-02
0.000000000000000000e+00
1.211670478679820334e-01
2.394491547765974504e-01
3.182426575354296294e-01
1.455257907753461644e-01
1.562706137136366524e-01
3.049791599218671934e-01
1.520211628732276443e-01
5.835175404880618699e-02
1.234339133819940676e-01
1.175518411947017450e-01
1.590320484318553107e-01
7.319252336485762914e-03
0.000000000000000000e+00
4.555907425760166718e-02
0.000000000000000000e+00
7.901232709289595160e-03
0.000000000000000000e+00
9.395519150752121296e-02
1.179028925178377124e-01
2.205413834986061361e-01
1.910297341233769819e-01
8.659741784416610799e-02
1.894123674888864850e-01
2.240665594660676829e-01
6.143964222634226702e-02
7.710387067268455186e-02
1.446249183207318767e-01
2.679031023253578558e-01
1.385729879154095623e-01
2.360343789630684266e-02
2.322807028501692739e-01
4.796816382627650671e-02
3.893981017661934940e-02
1.590287961416835330e-02
7.194687419964181097e-02
1.580426136092878964e-01
1.261943651745149331e-01
5.283060359714049359e-02
2.555843514087758894e-01
1.788411371480794210e-01
2.084778785520304267e-01
1.061940145812051567e-01
1.921352850988151117e-01
1.213331248084892761e-01
0.000000000000000000e+00
0.000000000000000000e+00
7.533699695094889237e-02
1.770653990401692690e-01
5.756154236297330584e-01
7.963774796234347475e-01
2.312201399277869635e-02
5.144741251471612875e-01
2.001987936459200534e-01
0.000000000000000000e+00
1.526181472098914714e-02
6.950811963041589325e-02
2.332390034539495449e-01
6.254913743965584416e-02
3.961873533781123946e-02
2.950418670694114898e-01
0.000000000000000000e+00
0.000000000000000000e+00
0.000000000000000000e+00
0.000000000000000000e+00
0.000000000000000000e+00
6.417658376254524455e-02
0.000000000000000000e+00
0.000000000000000000e+00
0.000000000000000000e+00
3.109705411809667377e-02
7.485053564197936826e-03
8.845020150857009489e-02
7.321646069966543206e-03
1.747530230999831680e-01
2.376282654361649982e-02
0.000000000000000000e+00
0.000000000000000000e+00
0.000000000000000000e+00
1.493128121604556796e-02
0.000000000000000000e+00
0.000000000000000000e+00
2.343241095079426350e-02
7.329090256338860465e-02
5.308172373205007066e-02
0.000000000000000000e+00
1.475593535875529584e-02
1.930651994227327584e-01
1.483012080132407318e-01
1.627754792158037922e-01
8.435544638103900650e-02
0.000000000000000000e+00
8.829902452427143555e-02
1.139465047809677251e-01
6.169208104507120649e-02
4.593320722963389890e-02
1.934107944659651523e-01
1.409859690946553001e-01
0.000000000000000000e+00
0.000000000000000000e+00
0.000000000000000000e+00
1.804706354917205435e-01
6.240707479167919430e-02
3.952892708339927896e-02
2.242681953812904888e-02
2.287374417476061017e-02
0.000000000000000000e+00
0.000000000000000000e+00
0.000000000000000000e+00
0.000000000000000000e+00
0.000000000000000000e+00
0.000000000000000000e+00
7.786662323587845158e-02
7.683623785378050630e-02
0.000000000000000000e+00
0.000000000000000000e+00
0.000000000000000000e+00
0.000000000000000000e+00
0.000000000000000000e+00
0.000000000000000000e+00
0.000000000000000000e+00
0.000000000000000000e+00
0.000000000000000000e+00
0.000000000000000000e+00
0.000000000000000000e+00
5.726127415849700114e-02
1.195120266691629685e-01
6.141291142307946788e-02
5.585784899942357329e-02
7.623374546651967565e-02
5.444326994201596076e-02
4.727615919017657403e-02
7.864889011625278772e-03
0.000000000000000000e+00
6.377970788590088536e-02
9.416220552657023068e-02
8.394081597793322247e-02
7.999656939103403502e-03
0.000000000000000000e+00
3.046518021413217522e-02
1.784888943397048566e-01
6.809357384661501866e-02
4.729646114845225541e-02
7.406146177359799326e-03
1.949784258171196882e-01
9.473761047202002017e-02
2.057202442534878384e-01
5.648633280322611777e-02
1.496735410606851897e-02
3.094425334838812186e-02
8.584840300978514860e-02
4.101707967052547338e-02
0.000000000000000000e+00
3.002427527695899351e-02
0.000000000000000000e+00
2.227235014917490832e-02
6.294094046183962288e-02
8.451461319230776925e-02
7.864934088608896770e-03
0.000000000000000000e+00
0.000000000000000000e+00
0.000000000000000000e+00
0.000000000000000000e+00
1.200956433517748057e-01
0.000000000000000000e+00
0.000000000000000000e+00
0.000000000000000000e+00
3.821933624149913555e-01
4.496346374736718832e-01
1.011002991472668699e-01
1.523634603000077470e-01
2.403665762810374140e-01
7.861488293117162296e-02
6.810608296334870471e-02
1.010709697110141470e-01
5.196788005585018660e-02
4.442357750862513943e-01
1.618341580701426474e-01
2.458471987076565890e-01
5.971671778256780472e-02
8.378894040507557650e-02
1.353517730889819137e-01
1.320106366078801219e-01
2.935055345578041486e-01
1.447734507238019053e-01
1.438470735397571199e-01
3.176484239124734432e-01
1.174201121661974795e-01
5.242693918454827129e-02
1.867689607624940795e-01
1.961203239413221167e-01
1.900947823560396044e-01
1.519210629882001770e-02
2.138359659188862616e-01
1.485072508338208981e-02
0.000000000000000000e+00
3.125560698201742399e-02
0.000000000000000000e+00
6.969151692571240453e-02
3.804377312507613296e-02
1.953649820681585270e-01
1.611923748639964571e-01
3.876952016386605443e-02
4.179588820025897378e-01
2.813567919733898082e-01
1.028099873839702777e-01
1.035126987486958416e-01
1.688468433642520417e-01
3.795269523566778824e-01
2.007366531606160076e-01
2.329978318315185232e-02
4.853337995794146376e-01
2.111147287220237201e-01
4.719519307378544637e-02
3.036974075349106739e-02
4.029454912866057420e-02
1.624428465124924392e-01
1.144715386770416565e-01
4.791493938467582953e-02
3.071104573902561641e-01
1.939106965392879134e-01
2.018638922349908493e-01
1.235207338794009208e-01
2.602410013717583182e-01
1.915388655078160696e-01
0.000000000000000000e+00
0.000000000000000000e+00
5.241681819140541626e-02
2.867451195145333531e-01
7.886394844896020828e-01
7.197903283894269144e-01
9.461831073741559794e-02
5.765653221740602019e-01
2.446860238913692032e-01
0.000000000000000000e+00
5.265433252394449704e-02
6.256887737501294622e-02
6.036569364686420469e-01
3.785181638661681142e-02
7.422858300719829827e-02
4.632036205642196536e-01
0.000000000000000000e+00
1.538639180379966671e-02
0.000000000000000000e+00
2.235989193019653071e-02
0.000000000000000000e+00
1.774552710843013137e-01
1.515217966857366344e-02
0.000000000000000000e+00
3.896045051929874353e-02
8.517430554660414266e-02
1.471923828728055259e-02
1.595381711702431315e-01
1.899618665099212789e-01
3.634526014182268838e-01
3.776286182758111648e-02
6.847532666520679545e-02
0.000000000000000000e+00
0.000000000000000000e+00
0.000000000000000000e+00
0.000000000000000000e+00
0.000000000000000000e+00
2.354297923031931430e-02
5.844488072369255494e-02
3.005635301924491215e-02
0.000000000000000000e+00
6.849292925719616121e-02
3.634850890320467376e-01
1.830864245079142083e-01
1.926768918793729524e-01
3.794641894933158816e-02
0.000000000000000000e+00
1.136109076149730002e-01
1.312283669803065156e-01
1.288505391019783841e-01
2.240217434461458379e-02
2.292381074754966941e-01
2.283117233707160076e-01
0.000000000000000000e+00
3.177466199984444600e-02
1.503918107012538856e-02
3.482900817382386105e-01
8.712486710761141451e-02
1.141411876331347303e-01
4.535882185082693030e-02
7.881463128431444309e-02
0.000000000000000000e+00
0.000000000000000000e+00
7.370589246798011154e-03
2.228173771066035633e-02
0.000000000000000000e+00
0.000000000000000000e+00
4.637591983529044254e-02
2.269966181588263868e-02
7.432972309704515002e-03
0.000000000000000000e+00
0.000000000000000000e+00
2.248887991805392783e-02
0.000000000000000000e+00
0.000000000000000000e+00
7.378505382294346833e-03
0.000000000000000000e+00
0.000000000000000000e+00
0.000000000000000000e+00
5.497739498828968507e-02
7.458986729844223340e-02
1.356416134974893772e-01
7.812982683829149122e-02
1.985316142477499268e-01
1.735691826648103064e-01
1.009310046353584928e-01
8.019001210812110036e-02
7.448689645719860052e-03
0.000000000000000000e+00
6.622226169893979941e-02
1.200635437639376440e-01
1.313126094126225718e-01
3.889127879421837297e-02
7.352052502458807613e-03
4.503712897937596493e-02
1.865363336156960483e-01
3.909288710178756426e-02
5.006641970215656989e-02
0.000000000000000000e+00
3.224797792992871726e-01
1.249742727542428183e-01
1.788673660948482402e-01
1.790961979269656834e-01
3.104265168209030881e-02
7.666836220284561909e-02
6.896972762587763595e-02
4.006254696069057319e-02
0.000000000000000000e+00
9.225222542969005457e-02
0.000000000000000000e+00
7.767875860554615541e-02
1.330434918408235911e-01
1.024377629815486634e-01
3.853452473908931114e-02
7.570187933866598558e-03
0.000000000000000000e+00
0.000000000000000000e+00
0.000000000000000000e+00
9.514281893377320165e-02
0.000000000000000000e+00
0.000000000000000000e+00
0.000000000000000000e+00
3.794118883671579456e-01
5.304860469954008062e-01
0.000000000000000000e+00
0.000000000000000000e+00
0.000000000000000000e+00
0.000000000000000000e+00
0.000000000000000000e+00
0.000000000000000000e+00
0.000000000000000000e+00
0.000000000000000000e+00
0.000000000000000000e+00
3.880966444618277195e-02
0.000000000000000000e+00
0.000000000000000000e+00
0.000000000000000000e+00
0.000000000000000000e+00
0.000000000000000000e+00
0.000000000000000000e+00
0.000000000000000000e+00
0.000000000000000000e+00
0.000000000000000000e+00
0.000000000000000000e+00
0.000000000000000000e+00
0.000000000000000000e+00
0.000000000000000000e+00
0.000000000000000000e+00
0.000000000000000000e+00
0.000000000000000000e+00
0.000000000000000000e+00
0.000000000000000000e+00
0.000000000000000000e+00
0.000000000000000000e+00
0.000000000000000000e+00
0.000000000000000000e+00
0.000000000000000000e+00
0.000000000000000000e+00
0.000000000000000000e+00
0.000000000000000000e+00
0.000000000000000000e+00
0.000000000000000000e+00
0.000000000000000000e+00
0.000000000000000000e+00
0.000000000000000000e+00
0.000000000000000000e+00
0.000000000000000000e+00
0.000000000000000000e+00
0.000000000000000000e+00
0.000000000000000000e+00
0.000000000000000000e+00
0.000000000000000000e+00
0.000000000000000000e+00
0.000000000000000000e+00
0.000000000000000000e+00
0.000000000000000000e+00
0.000000000000000000e+00
0.000000000000000000e+00
0.000000000000000000e+00
0.000000000000000000e+00
0.000000000000000000e+00
0.000000000000000000e+00
5.445727672574950107e-02
0.000000000000000000e+00
0.000000000000000000e+00
0.000000000000000000e+00
5.419700054613937890e-02
0.000000000000000000e+00
0.000000000000000000e+00
0.000000000000000000e+00
0.000000000000000000e+00
0.000000000000000000e+00
0.000000000000000000e+00
0.000000000000000000e+00
8.637836536555455469e-01
0.000000000000000000e+00
5.785586740400462391e-01
0.000000000000000000e+00
0.000000000000000000e+00
0.000000000000000000e+00
0.000000000000000000e+00
3.444560986603502073e-01
0.000000000000000000e+00
0.000000000000000000e+00
0.000000000000000000e+00
0.000000000000000000e+00
0.000000000000000000e+00
0.000000000000000000e+00
0.000000000000000000e+00
0.000000000000000000e+00
0.000000000000000000e+00
0.000000000000000000e+00
0.000000000000000000e+00
0.000000000000000000e+00
0.000000000000000000e+00
0.000000000000000000e+00
0.000000000000000000e+00
0.000000000000000000e+00
7.442044231070651418e-03
0.000000000000000000e+00
0.000000000000000000e+00
2.165055112295422579e-01
0.000000000000000000e+00
0.000000000000000000e+00
0.000000000000000000e+00
0.000000000000000000e+00
1.856666374436570788e-01
0.000000000000000000e+00
0.000000000000000000e+00
0.000000000000000000e+00
0.000000000000000000e+00
0.000000000000000000e+00
0.000000000000000000e+00
0.000000000000000000e+00
8.176472704163491312e-02
0.000000000000000000e+00
0.000000000000000000e+00
0.000000000000000000e+00
0.000000000000000000e+00
0.000000000000000000e+00
0.000000000000000000e+00
0.000000000000000000e+00
0.000000000000000000e+00
0.000000000000000000e+00
0.000000000000000000e+00
0.000000000000000000e+00
0.000000000000000000e+00
0.000000000000000000e+00
0.000000000000000000e+00
0.000000000000000000e+00
0.000000000000000000e+00
0.000000000000000000e+00
0.000000000000000000e+00
0.000000000000000000e+00
0.000000000000000000e+00
0.000000000000000000e+00
1.000000000000000000e+00
0.000000000000000000e+00
1.580892179215700188e-01
0.000000000000000000e+00
7.437239260952042963e-03
7.542123678567187219e-03
0.000000000000000000e+00
0.000000000000000000e+00
1.608232898260761601e-01
0.000000000000000000e+00
0.000000000000000000e+00
0.000000000000000000e+00
0.000000000000000000e+00
0.000000000000000000e+00
0.000000000000000000e+00
0.000000000000000000e+00
0.000000000000000000e+00
0.000000000000000000e+00
0.000000000000000000e+00
0.000000000000000000e+00
0.000000000000000000e+00
0.000000000000000000e+00
0.000000000000000000e+00
0.000000000000000000e+00
0.000000000000000000e+00
0.000000000000000000e+00
0.000000000000000000e+00
0.000000000000000000e+00
0.000000000000000000e+00
0.000000000000000000e+00
0.000000000000000000e+00
0.000000000000000000e+00
0.000000000000000000e+00
0.000000000000000000e+00
0.000000000000000000e+00
5.220400782789227367e-01
7.733454649007551196e-02
0.000000000000000000e+00
2.873968744366765526e-01
0.000000000000000000e+00
0.000000000000000000e+00
6.950312786367679463e-02
2.822548190935679768e-01
0.000000000000000000e+00
3.812923892349922017e-01
0.000000000000000000e+00
0.000000000000000000e+00
0.000000000000000000e+00
0.000000000000000000e+00
0.000000000000000000e+00
0.000000000000000000e+00
0.000000000000000000e+00
0.000000000000000000e+00
0.000000000000000000e+00
0.000000000000000000e+00
0.000000000000000000e+00
0.000000000000000000e+00
0.000000000000000000e+00
0.000000000000000000e+00
0.000000000000000000e+00
0.000000000000000000e+00
0.000000000000000000e+00
0.000000000000000000e+00
0.000000000000000000e+00
0.000000000000000000e+00
0.000000000000000000e+00
0.000000000000000000e+00
0.000000000000000000e+00
0.000000000000000000e+00
0.000000000000000000e+00
0.000000000000000000e+00
0.000000000000000000e+00
0.000000000000000000e+00
0.000000000000000000e+00
0.000000000000000000e+00
0.000000000000000000e+00
0.000000000000000000e+00
6.479867238139085106e-02
0.000000000000000000e+00
0.000000000000000000e+00
0.000000000000000000e+00
0.000000000000000000e+00
0.000000000000000000e+00
0.000000000000000000e+00
0.000000000000000000e+00
0.000000000000000000e+00
0.000000000000000000e+00
0.000000000000000000e+00
0.000000000000000000e+00
0.000000000000000000e+00
0.000000000000000000e+00
2.416802447167045939e-02
0.000000000000000000e+00
0.000000000000000000e+00
7.345117156265121468e-03
0.000000000000000000e+00
0.000000000000000000e+00
0.000000000000000000e+00
0.000000000000000000e+00
0.000000000000000000e+00
0.000000000000000000e+00
0.000000000000000000e+00
0.000000000000000000e+00
0.000000000000000000e+00
0.000000000000000000e+00
0.000000000000000000e+00
0.000000000000000000e+00
0.000000000000000000e+00
0.000000000000000000e+00
0.000000000000000000e+00
0.000000000000000000e+00
7.964850373017509644e-02
1.528331250469268099e-01
0.000000000000000000e+00
0.000000000000000000e+00
0.000000000000000000e+00
0.000000000000000000e+00
0.000000000000000000e+00
0.000000000000000000e+00
0.000000000000000000e+00
0.000000000000000000e+00
0.000000000000000000e+00
0.000000000000000000e+00
0.000000000000000000e+00
0.000000000000000000e+00
0.000000000000000000e+00
0.000000000000000000e+00
0.000000000000000000e+00
0.000000000000000000e+00
0.000000000000000000e+00
0.000000000000000000e+00
0.000000000000000000e+00
0.000000000000000000e+00
0.000000000000000000e+00
0.000000000000000000e+00
0.000000000000000000e+00
0.000000000000000000e+00
0.000000000000000000e+00
0.000000000000000000e+00
0.000000000000000000e+00
0.000000000000000000e+00
0.000000000000000000e+00
0.000000000000000000e+00
0.000000000000000000e+00
0.000000000000000000e+00
0.000000000000000000e+00
0.000000000000000000e+00
1.498183032052610025e-02
0.000000000000000000e+00
0.000000000000000000e+00
0.000000000000000000e+00
0.000000000000000000e+00
0.000000000000000000e+00
7.791521906627413806e-03
1.541797666744130872e-02
0.000000000000000000e+00
0.000000000000000000e+00
2.334695366046382614e-02
1.545687380053493813e-02
0.000000000000000000e+00
0.000000000000000000e+00
0.000000000000000000e+00
0.000000000000000000e+00
0.000000000000000000e+00
0.000000000000000000e+00
0.000000000000000000e+00
2.294440896218675335e-02
0.000000000000000000e+00
1.541253081133645876e-02
0.000000000000000000e+00
0.000000000000000000e+00
0.000000000000000000e+00
0.000000000000000000e+00
0.000000000000000000e+00
0.000000000000000000e+00
0.000000000000000000e+00
0.000000000000000000e+00
0.000000000000000000e+00
0.000000000000000000e+00
0.000000000000000000e+00
0.000000000000000000e+00
0.000000000000000000e+00
0.000000000000000000e+00
0.000000000000000000e+00
0.000000000000000000e+00
7.184035209995892624e-01
0.000000000000000000e+00
0.000000000000000000e+00
0.000000000000000000e+00
0.000000000000000000e+00
0.000000000000000000e+00
0.000000000000000000e+00
0.000000000000000000e+00
0.000000000000000000e+00
0.000000000000000000e+00
0.000000000000000000e+00
0.000000000000000000e+00
0.000000000000000000e+00
0.000000000000000000e+00
0.000000000000000000e+00
0.000000000000000000e+00
0.000000000000000000e+00
0.000000000000000000e+00
0.000000000000000000e+00
0.000000000000000000e+00
0.000000000000000000e+00
0.000000000000000000e+00
0.000000000000000000e+00
0.000000000000000000e+00
0.000000000000000000e+00
0.000000000000000000e+00
0.000000000000000000e+00
0.000000000000000000e+00
0.000000000000000000e+00
0.000000000000000000e+00
0.000000000000000000e+00
0.000000000000000000e+00
0.000000000000000000e+00
0.000000000000000000e+00
0.000000000000000000e+00
0.000000000000000000e+00
0.000000000000000000e+00
0.000000000000000000e+00
0.000000000000000000e+00
0.000000000000000000e+00
0.000000000000000000e+00
